0.05        0
0.15        0
0.25        0
0.35        0
0.45        0
0.55        0
0.65        0
0.75        0
0.85        0
0.95        0
1.05        0
1.15        0
1.25        0
1.35        0
1.45        0
1.55        0
1.65        0
1.75        0
1.85        0
1.95        0
2.05        0
2.15        0
2.25        0
2.35        0
2.45        0
2.55        0
2.65        0
2.75        0
2.85        0
2.95        0
3.05        0
3.15        0
3.25        0
3.35        0
3.45        0
3.55        0
3.65        0
3.75        0
3.85        0
3.95        0
4.05        0
4.15        0
4.25        0
4.35        0
4.45        0
4.55        0
4.65        0
4.75        0
4.85        0
4.95        0
5.05        0
5.15        0
5.25        0
5.35        0
5.45        0
5.55        0
5.65        0
5.75        0
5.85        8.53388e-05
5.95        2.81487
6.05        2.34413
6.15        0.029348
6.25        0.0473847
6.35        0.0807339
6.45        0.149296
6.55        0.280899
6.65        0.458784
6.75        0.706106
6.85        1.16605
6.95        1.17093
7.05        0.203122
7.15        0.175198
7.25        0.237226
7.35        0.320845
7.45        0.423736
7.55        0.528683
7.65        0.612118
7.75        0.638084
7.85        0.529326
7.95        0.322049
8.05        0.288063
8.15        0.331606
8.25        0.378763
8.35        0.419084
8.45        0.443123
8.55        0.443762
8.65        0.417909
8.75        0.372144
8.85        0.330998
8.95        0.326108
9.05        0.341595
9.15        0.355492
9.25        0.3618
9.35        0.35932
9.45        0.34948
9.55        0.335242
9.65        0.321093
9.75        0.312719
9.85        0.311919
9.95        0.313796
10.05        0.313843
10.15        0.311177
10.25        0.305903
10.35        0.299546
10.45        0.293545
10.55        0.288319
10.65        0.285013
10.75        0.282827
10.85        0.280692
10.95        0.277741
11.05        0.274128
11.15        0.270348
11.25        0.266672
11.35        0.263081
11.45        0.260103
11.55        0.257275
11.65        0.254648
11.75        0.251866
11.85        0.249069
11.95        0.246108
12.05        0.243442
12.15        0.240532
12.25        0.237787
12.35        0.235499
12.45        0.233004
12.55        0.230661
12.65        0.22824
12.75        0.225808
12.85        0.223403
12.95        0.221277
13.05        0.218881
13.15        0.216655
13.25        0.214621
13.35        0.212537
13.45        0.210415
13.55        0.208397
13.65        0.206342
13.75        0.204464
13.85        0.202485
13.95        0.200588
14.05        0.19875
14.15        0.197019
14.25        0.195094
14.35        0.193432
14.45        0.191659
14.55        0.189861
14.65        0.188221
14.75        0.186618
14.85        0.184975
14.95        0.183375
15.05        0.18169
15.15        0.18036
15.25        0.178752
15.35        0.177217
15.45        0.175872
15.55        0.174336
15.65        0.172835
15.75        0.171554
15.85        0.170198
15.95        0.168783
16.05        0.167521
16.15        0.166202
16.25        0.164887
16.35        0.163509
16.45        0.162446
16.55        0.161156
16.65        0.159968
16.75        0.158709
16.85        0.157489
16.95        0.156346
17.05        0.155148
17.15        0.154123
17.25        0.15301
17.35        0.151882
17.45        0.150897
17.55        0.149817
17.65        0.148712
17.75        0.147673
17.85        0.14669
17.95        0.145658
18.05        0.144741
18.15        0.143794
18.25        0.142752
18.35        0.141861
18.45        0.140949
18.55        0.140018
18.65        0.139036
18.75        0.138226
18.85        0.13739
18.95        0.136567
19.05        0.13564
19.15        0.134794
19.25        0.134062
19.35        0.13313
19.45        0.132349
19.55        0.131671
19.65        0.130883
19.75        0.130029
19.85        0.12929
19.95        0.128507
20.05        0.127893
20.15        0.127095
20.25        0.126365
20.35        0.125729
20.45        0.125026
20.55        0.124289
20.65        0.123509
20.75        0.122904
20.85        0.122243
20.95        0.121609
21.05        0.121021
21.15        0.120249
21.25        0.119746
21.35        0.119115
21.45        0.118486
21.55        0.117834
21.65        0.117247
21.75        0.116694
21.85        0.116114
21.95        0.11549
22.05        0.114941
22.15        0.114408
22.25        0.113862
22.35        0.113308
22.45        0.112763
22.55        0.112222
22.65        0.111693
22.75        0.111198
22.85        0.110718
22.95        0.110204
23.05        0.109696
23.15        0.109238
23.25        0.108708
23.35        0.108266
23.45        0.107767
23.55        0.107312
23.65        0.106778
23.75        0.106407
23.85        0.105957
23.95        0.105498
24.05        0.105034
24.15        0.104568
24.25        0.104172
24.35        0.103786
24.45        0.103347
24.55        0.102865
24.65        0.102491
24.75        0.102071
24.85        0.101637
24.95        0.101271
25.05        0.100874
25.15        0.100476
25.25        0.100104
25.35        0.0997026
25.45        0.0992852
25.55        0.0989309
25.65        0.0985648
25.75        0.0981728
25.85        0.0977957
25.95        0.0973713
26.05        0.0970364
26.15        0.0966927
26.25        0.0963583
26.35        0.0959798
26.45        0.0956407
26.55        0.0952553
26.65        0.0948838
26.75        0.0944893
26.85        0.094189
26.95        0.0938083
27.05        0.0934381
27.15        0.0930921
27.25        0.0928006
27.35        0.0924726
27.45        0.0920473
27.55        0.0916925
27.65        0.0913489
27.75        0.0910285
27.85        0.0906354
27.95        0.0903251
28.05        0.0899653
28.15        0.0896377
28.25        0.0892818
28.35        0.0889488
28.45        0.0886125
28.55        0.0882602
28.65        0.0879102
28.75        0.0875759
28.85        0.0872088
28.95        0.0868911
29.05        0.0865223
29.15        0.0862092
29.25        0.0858383
29.35        0.0854649
29.45        0.085126
29.55        0.0847832
29.65        0.0844454
29.75        0.0840971
29.85        0.0837321
29.95        0.0833558
30.05        0.0830358
30.15        0.0826394
30.25        0.0822869
30.35        0.081972
30.45        0.0815761
30.55        0.0812069
30.65        0.0808369
30.75        0.0804699
30.85        0.0801383
30.95        0.0797641
31.05        0.0793708
31.15        0.0790568
31.25        0.0786357
31.35        0.0782822
31.45        0.0779036
31.55        0.0775432
31.65        0.0771512
31.75        0.0767876
31.85        0.0764117
31.95        0.0760111
32.05        0.0756544
32.15        0.0752553
32.25        0.074834
32.35        0.0744761
32.45        0.0740561
32.55        0.0736368
32.65        0.0732358
32.75        0.0728346
32.85        0.0724581
32.95        0.0720532
33.05        0.0716327
33.15        0.0712118
33.25        0.0708035
33.35        0.070403
33.45        0.06997
33.55        0.0695758
33.65        0.0691274
33.75        0.0687269
33.85        0.068293
33.95        0.0678433
34.05        0.0674238
34.15        0.0669874
34.25        0.0665669
34.35        0.0661226
34.45        0.0656603
34.55        0.0652186
34.65        0.0647849
34.75        0.0643269
34.85        0.0638825
34.95        0.0634189
35.05        0.06295
35.15        0.0624867
35.25        0.06207
35.35        0.0615692
35.45        0.061121
35.55        0.06063
35.65        0.0601724
35.75        0.0596672
35.85        0.0592144
35.95        0.0587113
36.05        0.0582453
36.15        0.0577712
36.25        0.05725
36.35        0.0567804
36.45        0.0562815
36.55        0.0557795
36.65        0.0553057
36.75        0.0547721
36.85        0.0543011
36.95        0.0537725
37.05        0.0532745
37.15        0.0527503
37.25        0.0522261
37.35        0.051724
37.45        0.051208
37.55        0.0506863
37.65        0.0501619
37.75        0.0496251
37.85        0.049101
37.95        0.0485579
38.05        0.0480276
38.15        0.0475109
38.25        0.0469587
38.35        0.0464315
38.45        0.0458896
38.55        0.0453815
38.65        0.0448298
38.75        0.044284
38.85        0.0437366
38.95        0.0432116
39.05        0.0426465
39.15        0.0421097
39.25        0.0415624
39.35        0.0409993
39.45        0.0404509
39.55        0.0399153
39.65        0.0393335
39.75        0.0388269
39.85        0.0382652
39.95        0.0377283
40.05        0.0371798
40.15        0.0366394
40.25        0.036107
40.35        0.0355701
40.45        0.0350143
40.55        0.0344633
40.65        0.0339332
40.75        0.0333964
40.85        0.0328469
40.95        0.0323417
41.05        0.0318059
41.15        0.0312716
41.25        0.0307387
41.35        0.0302354
41.45        0.0296956
41.55        0.0291742
41.65        0.0286617
41.75        0.0281456
41.85        0.0276407
41.95        0.0271286
42.05        0.0266316
42.15        0.026143
42.25        0.0256345
42.35        0.0251594
42.45        0.0246458
42.55        0.0241659
42.65        0.0236729
42.75        0.0232072
42.85        0.0227375
42.95        0.0222739
43.05        0.0218091
43.15        0.0213519
43.25        0.0208827
43.35        0.0204334
43.45        0.0199912
43.55        0.0195606
43.65        0.0191128
43.75        0.0186908
43.85        0.0182649
43.95        0.0178297
44.05        0.0174214
44.15        0.0170125
44.25        0.0166142
44.35        0.0162207
44.45        0.0158238
44.55        0.0154523
44.65        0.0150587
44.75        0.0146887
44.85        0.0143102
44.95        0.0139372
45.05        0.0135923
45.15        0.0132346
45.25        0.0128908
45.35        0.0125414
45.45        0.0122051
45.55        0.0118883
45.65        0.0115526
45.75        0.0112402
45.85        0.010935
45.95        0.0106241
46.05        0.0103226
46.15        0.0100212
46.25        0.00973853
46.35        0.009461
46.45        0.00917002
46.55        0.00890604
46.65        0.00863897
46.75        0.00838206
46.85        0.00812319
46.95        0.00787436
47.05        0.00762406
47.15        0.00738652
47.25        0.00715709
47.35        0.0069263
47.45        0.00671574
47.55        0.00648952
47.65        0.00628046
47.75        0.00607388
47.85        0.00586955
47.95        0.00567449
48.05        0.00548467
48.15        0.00529897
48.25        0.00511638
48.35        0.00493901
48.45        0.00477092
48.55        0.00459755
48.65        0.00444025
48.75        0.00428116
48.85        0.00412588
48.95        0.00397076
49.05        0.0038246
49.15        0.00369049
49.25        0.00355723
49.35        0.00342387
49.45        0.00329182
49.55        0.0031675
49.65        0.00304709
49.75        0.00292962
49.85        0.00281513
49.95        0.00270428
50.05        0.00259768
50.15        0.00249877
50.25        0.00239505
50.35        0.00230171
50.45        0.00220885
50.55        0.00211911
50.65        0.00203303
50.75        0.00194604
50.85        0.00186461
50.95        0.00178852
51.05        0.00171215
51.15        0.00163742
51.25        0.00157071
51.35        0.00150431
51.45        0.00143873
51.55        0.00137456
51.65        0.00131238
51.75        0.0012548
51.85        0.00119891
51.95        0.00114679
52.05        0.00109683
52.15        0.00104733
52.25        0.000999273
52.35        0.000951441
52.45        0.000910216
52.55        0.000867268
52.65        0.000826313
52.75        0.000786664
52.85        0.000749897
52.95        0.000715425
53.05        0.000680476
53.15        0.000649354
53.25        0.000616189
53.35        0.000586614
53.45        0.000556327
53.55        0.000530203
53.65        0.000503377
53.75        0.000479862
53.85        0.00045596
53.95        0.000433786
54.05        0.000409462
54.15        0.000388141
54.25        0.000369971
54.35        0.00035065
54.45        0.000331136
54.55        0.000315134
54.65        0.000298683
54.75        0.000283051
54.85        0.000266698
54.95        0.000252766
55.05        0.000239646
55.15        0.000225973
55.25        0.00021454
55.35        0.000201823
55.45        0.000191501
55.55        0.000180525
55.65        0.000169953
55.75        0.00016126
55.85        0.000151555
55.95        0.000143342
56.05        0.000135021
56.15        0.00012719
56.25        0.000119816
56.35        0.000112517
56.45        0.000105694
56.55        9.96657e-05
56.65        9.35936e-05
56.75        8.82839e-05
56.85        8.28226e-05
56.95        7.69316e-05
57.05        7.27611e-05
57.15        6.85621e-05
57.25        6.4296e-05
57.35        6.02177e-05
57.45        5.62904e-05
57.55        5.2599e-05
57.65        4.94596e-05
57.75        4.63213e-05
57.85        4.34113e-05
57.95        4.0969e-05
58.05        3.80119e-05
58.15        3.53384e-05
58.25        3.31709e-05
58.35        3.11594e-05
58.45        2.88261e-05
58.55        2.70215e-05
58.65        2.53506e-05
58.75        2.33e-05
58.85        2.18641e-05
58.95        2.05809e-05
59.05        1.88349e-05
59.15        1.76295e-05
59.25        1.64582e-05
59.35        1.52551e-05
59.45        1.42931e-05
59.55        1.31904e-05
59.65        1.25278e-05
59.75        1.14115e-05
59.85        1.03693e-05
59.95        9.83762e-06
60.05        9.07443e-06
60.15        8.35694e-06
60.25        7.65513e-06
60.35        7.23321e-06
60.45        6.67903e-06
60.55        6.28149e-06
60.65        5.53282e-06
60.75        5.27851e-06
60.85        4.98715e-06
60.95        4.6377e-06
61.05        4.1955e-06
61.15        3.86363e-06
61.25        3.58269e-06
61.35        3.26762e-06
61.45        3.09367e-06
61.55        2.82421e-06
61.65        2.6842e-06
61.75        2.36559e-06
61.85        2.20713e-06
61.95        1.99059e-06
62.05        1.886e-06
62.15        1.63889e-06
62.25        1.63363e-06
62.35        1.48203e-06
62.45        1.27835e-06
62.55        1.25087e-06
62.65        1.0563e-06
62.75        1.08426e-06
62.85        9.3073e-07
62.95        8.20338e-07
63.05        7.50677e-07
63.15        7.4032e-07
63.25        6.56425e-07
63.35        5.64133e-07
63.45        5.37648e-07
63.55        5.24135e-07
63.65        4.19366e-07
63.75        4.16093e-07
63.85        3.6892e-07
63.95        3.38579e-07
64.05        3.49162e-07
64.15        2.8136e-07
64.25        2.80485e-07
64.35        2.38296e-07
64.45        2.12652e-07
64.55        2.25363e-07
64.65        1.74211e-07
64.75        1.53744e-07
64.85        1.46647e-07
64.95        1.45253e-07
