0.05        0
0.15        0
0.25        0
0.35        0
0.45        0
0.55        0
0.65        0
0.75        0
0.85        0
0.95        0
1.05        0
1.15        0
1.25        0
1.35        0
1.45        0
1.55        0
1.65        0
1.75        0
1.85        0
1.95        0
2.05        0
2.15        0
2.25        0
2.35        0
2.45        0
2.55        0
2.65        0
2.75        0
2.85        0
2.95        0
3.05        0
3.15        0
3.25        0
3.35        0
3.45        0
3.55        0
3.65        0
3.75        0
3.85        0
3.95        0
4.05        0
4.15        0
4.25        0
4.35        0
4.45        0
4.55        0
4.65        0
4.75        0
4.85        0
4.95        0
5.05        0
5.15        0
5.25        0
5.35        0
5.45        0
5.55        0
5.65        0
5.75        1.20345e-07
5.85        0.000330775
5.95        0.491377
6.05        0.608986
6.15        0.0852354
6.25        0.0990499
6.35        0.113766
6.45        0.130419
6.55        0.148982
6.65        0.169813
6.75        0.193459
6.85        0.221171
6.95        0.205712
7.05        0.142298
7.15        0.143558
7.25        0.147803
7.35        0.151506
7.45        0.153989
7.55        0.154981
7.65        0.153993
7.75        0.151131
7.85        0.14474
7.95        0.138431
8.05        0.136548
8.15        0.13603
8.25        0.13508
8.35        0.133752
8.45        0.131781
8.55        0.129474
8.65        0.127262
8.75        0.12514
8.85        0.12315
8.95        0.121226
9.05        0.120012
9.15        0.118362
9.25        0.116692
9.35        0.115353
9.45        0.11373
9.55        0.112082
9.65        0.110681
9.75        0.109112
9.85        0.107831
9.95        0.106535
10.05        0.105145
10.15        0.103796
10.25        0.102617
10.35        0.101245
10.45        0.100135
10.55        0.0989711
10.65        0.0977938
10.75        0.096724
10.85        0.0955239
10.95        0.0944501
11.05        0.0933939
11.15        0.0922986
11.25        0.0913263
11.35        0.0903779
11.45        0.0894112
11.55        0.0886387
11.65        0.0875294
11.75        0.0866804
11.85        0.0858074
11.95        0.0849169
12.05        0.0841089
12.15        0.0832928
12.25        0.0825004
12.35        0.0816278
12.45        0.0808761
12.55        0.0800684
12.65        0.0793087
12.75        0.0785788
12.85        0.077978
12.95        0.0771649
13.05        0.0764572
13.15        0.0758544
13.25        0.0751831
13.35        0.0745286
13.45        0.0738714
13.55        0.0731664
13.65        0.0725638
13.75        0.0720086
13.85        0.0713513
13.95        0.070852
14.05        0.0701184
14.15        0.0696081
14.25        0.0690945
14.35        0.0685718
14.45        0.0679259
14.55        0.0674298
14.65        0.0669384
14.75        0.066371
14.85        0.0658643
14.95        0.0654209
15.05        0.0649294
15.15        0.0644497
15.25        0.0639664
15.35        0.0634289
15.45        0.0629891
15.55        0.0625416
15.65        0.0620999
15.75        0.0617217
15.85        0.0612092
15.95        0.0608272
16.05        0.0603787
16.15        0.0599688
16.25        0.0595285
16.35        0.0591223
16.45        0.0587276
16.55        0.0583131
16.65        0.0579114
16.75        0.0574801
16.85        0.057165
16.95        0.0567407
17.05        0.056368
17.15        0.0559699
17.25        0.0555986
17.35        0.0552363
17.45        0.0548366
17.55        0.0544637
17.65        0.0541233
17.75        0.0537551
17.85        0.0534309
17.95        0.0530318
18.05        0.0526791
18.15        0.0523905
18.25        0.0520091
18.35        0.051698
18.45        0.0512789
18.55        0.0509825
18.65        0.0506062
18.75        0.0503196
18.85        0.0500079
18.95        0.0496228
19.05        0.049333
19.15        0.0489806
19.25        0.0486351
19.35        0.0483404
19.45        0.0480044
19.55        0.0476718
19.65        0.0473176
19.75        0.0469876
19.85        0.0467339
19.95        0.0463582
20.05        0.0460591
20.15        0.0457056
20.25        0.0453999
20.35        0.0451025
20.45        0.0447406
20.55        0.0444304
20.65        0.0441303
20.75        0.0438013
20.85        0.0434537
20.95        0.0431308
21.05        0.0428367
21.15        0.0425122
21.25        0.0421468
21.35        0.0418912
21.45        0.0415693
21.55        0.0412064
21.65        0.0409669
21.75        0.0406119
21.85        0.0402894
21.95        0.0399571
22.05        0.0396423
22.15        0.0393471
22.25        0.0390311
22.35        0.0387199
22.45        0.0383537
22.55        0.0380658
22.65        0.0377506
22.75        0.037447
22.85        0.0371215
22.95        0.0367876
23.05        0.036482
23.15        0.0361867
23.25        0.0358484
23.35        0.0355193
23.45        0.0351882
23.55        0.0349109
23.65        0.0345584
23.75        0.0342611
23.85        0.0339414
23.95        0.0336164
24.05        0.0332693
24.15        0.0329337
24.25        0.0326559
24.35        0.0323335
24.45        0.0319776
24.55        0.0316789
24.65        0.0313549
24.75        0.0310304
24.85        0.0306875
24.95        0.0303811
25.05        0.0300646
25.15        0.0297591
25.25        0.029443
25.35        0.0291177
25.45        0.0287988
25.55        0.0284723
25.65        0.0281638
25.75        0.0278079
25.85        0.027519
25.95        0.0271847
26.05        0.0268965
26.15        0.0265746
26.25        0.026237
26.35        0.02591
26.45        0.0256079
26.55        0.0252686
26.65        0.024958
26.75        0.0246762
26.85        0.0243416
26.95        0.0240358
27.05        0.0237292
27.15        0.0234394
27.25        0.0231033
27.35        0.0227872
27.45        0.0224964
27.55        0.0221809
27.65        0.0218879
27.75        0.0215917
27.85        0.0212875
27.95        0.0209847
28.05        0.0206832
28.15        0.0203991
28.25        0.0200898
28.35        0.0198033
28.45        0.0195217
28.55        0.0192112
28.65        0.01895
28.75        0.0186512
28.85        0.0183566
28.95        0.0181043
29.05        0.0178138
29.15        0.0175524
29.25        0.0172743
29.35        0.0169976
29.45        0.0167122
29.55        0.0164572
29.65        0.016194
29.75        0.0159303
29.85        0.0156583
29.95        0.0153896
30.05        0.0151477
30.15        0.0148894
30.25        0.0146428
30.35        0.0143721
30.45        0.0141257
30.55        0.0138877
30.65        0.0136492
30.75        0.0134005
30.85        0.0131478
30.95        0.0129107
31.05        0.0126723
31.15        0.0124475
31.25        0.0122107
31.35        0.011976
31.45        0.011753
31.55        0.0115288
31.65        0.0113076
31.75        0.0110867
31.85        0.0108731
31.95        0.0106602
32.05        0.0104461
32.15        0.0102325
32.25        0.0100362
32.35        0.00983596
32.45        0.00962326
32.55        0.0094266
32.65        0.00923276
32.75        0.00903997
32.85        0.00884329
32.95        0.00865753
33.05        0.00847415
33.15        0.0082869
33.25        0.00811426
33.35        0.00794475
33.45        0.00775759
33.55        0.00758302
33.65        0.0074024
33.75        0.00724279
33.85        0.00707528
33.95        0.00691367
34.05        0.00675479
34.15        0.00660583
34.25        0.00644873
34.35        0.00628817
34.45        0.00613939
34.55        0.00599544
34.65        0.00584955
34.75        0.00571313
34.85        0.00557079
34.95        0.00542575
35.05        0.00529987
35.15        0.00516081
35.25        0.00504435
35.35        0.00490503
35.45        0.00478181
35.55        0.0046628
35.65        0.0045344
35.75        0.00442301
35.85        0.00429987
35.95        0.00419752
36.05        0.00408948
36.15        0.00396771
36.25        0.00386561
36.35        0.00375976
36.45        0.00365674
36.55        0.00354867
36.65        0.00345353
36.75        0.00336543
36.85        0.00326675
36.95        0.00317508
37.05        0.00308825
37.15        0.00299266
37.25        0.00290908
37.35        0.00282186
37.45        0.00274022
37.55        0.0026616
37.65        0.00258304
37.75        0.00250756
37.85        0.00242929
37.95        0.0023576
38.05        0.00228321
38.15        0.00221812
38.25        0.00214777
38.35        0.00208173
38.45        0.002015
38.55        0.00195325
38.65        0.00189401
38.75        0.00183688
38.85        0.00177447
38.95        0.00171962
39.05        0.00166494
39.15        0.00160902
39.25        0.00155362
39.35        0.00150922
39.45        0.00146051
39.55        0.00141267
39.65        0.0013593
39.75        0.00131546
39.85        0.00127111
39.95        0.0012264
40.05        0.0011844
40.15        0.00114667
40.25        0.0011106
40.35        0.00107133
40.45        0.00103355
40.55        0.000995385
40.65        0.000959877
40.75        0.000923593
40.85        0.000893652
40.95        0.000859602
41.05        0.000831992
41.15        0.000802117
41.25        0.000775127
41.35        0.000740046
41.45        0.00071592
41.55        0.000692051
41.65        0.000666059
41.75        0.000640437
41.85        0.000617075
41.95        0.000594
42.05        0.000572188
42.15        0.00055104
42.25        0.000526849
42.35        0.000508893
42.45        0.000489774
42.55        0.0004707
42.65        0.000453254
42.75        0.000435885
42.85        0.000416776
42.95        0.000402185
43.05        0.000386126
43.15        0.000370676
43.25        0.000355164
43.35        0.00034163
43.45        0.000329576
43.55        0.000315397
43.65        0.000302673
43.75        0.000292331
43.85        0.000277636
43.95        0.000268299
44.05        0.000256879
44.15        0.000245822
44.25        0.000236692
44.35        0.000227253
44.45        0.000216404
44.55        0.000207968
44.65        0.000199703
44.75        0.000190798
44.85        0.000181803
44.95        0.000175443
45.05        0.000167145
45.15        0.000159175
45.25        0.000152091
45.35        0.00014613
45.45        0.00013985
45.55        0.000134043
45.65        0.000128091
45.75        0.000122108
45.85        0.000117007
45.95        0.000111719
46.05        0.000106544
46.15        0.000101495
46.25        9.64988e-05
46.35        9.22972e-05
46.45        8.79391e-05
46.55        8.4743e-05
46.65        8.04784e-05
46.75        7.7056e-05
46.85        7.29405e-05
46.95        6.94063e-05
47.05        6.63004e-05
47.15        6.26923e-05
47.25        6.0326e-05
47.35        5.66019e-05
47.45        5.43066e-05
47.55        5.19579e-05
47.65        4.93427e-05
47.75        4.67019e-05
47.85        4.50853e-05
47.95        4.26806e-05
48.05        4.05592e-05
48.15        3.85065e-05
48.25        3.62227e-05
48.35        3.48441e-05
48.45        3.29986e-05
48.55        3.15394e-05
48.65        3.026e-05
48.75        2.79461e-05
48.85        2.69681e-05
48.95        2.57471e-05
49.05        2.44499e-05
49.15        2.3013e-05
49.25        2.19699e-05
49.35        2.06246e-05
49.45        1.98253e-05
49.55        1.86061e-05
49.65        1.80147e-05
49.75        1.68444e-05
49.85        1.59891e-05
49.95        1.51979e-05
50.05        1.41906e-05
50.15        1.34459e-05
50.25        1.28818e-05
50.35        1.22453e-05
50.45        1.15559e-05
50.55        1.07519e-05
50.65        1.03543e-05
50.75        9.57816e-06
50.85        9.40972e-06
50.95        8.70454e-06
51.05        8.09488e-06
51.15        7.71804e-06
51.25        7.29106e-06
51.35        6.86884e-06
51.45        6.45888e-06
51.55        6.16133e-06
51.65        5.61697e-06
51.75        5.28476e-06
51.85        5.14896e-06
51.95        4.6043e-06
52.05        4.26058e-06
52.15        4.09503e-06
52.25        4.0473e-06
52.35        3.57016e-06
52.45        3.41626e-06
52.55        3.29809e-06
52.65        2.91094e-06
52.75        2.87418e-06
52.85        2.85049e-06
52.95        2.54739e-06
53.05        2.29462e-06
53.15        2.26627e-06
53.25        1.95748e-06
53.35        2.00746e-06
53.45        1.79662e-06
53.55        1.69834e-06
53.65        1.69754e-06
53.75        1.44333e-06
53.85        1.37623e-06
53.95        1.29595e-06
54.05        1.18492e-06
54.15        1.21719e-06
54.25        1.05723e-06
54.35        8.9844e-07
54.45        8.81722e-07
54.55        8.71807e-07
54.65        8.00675e-07
54.75        7.40676e-07
54.85        6.78463e-07
54.95        6.91809e-07
55.05        6.27589e-07
55.15        5.66447e-07
55.25        4.92708e-07
55.35        5.16904e-07
55.45        4.38691e-07
55.55        4.38403e-07
55.65        3.9957e-07
55.75        3.4949e-07
55.85        3.49516e-07
55.95        2.97425e-07
56.05        3.05231e-07
56.15        2.66284e-07
56.25        2.57793e-07
56.35        2.6941e-07
56.45        2.17262e-07
56.55        2.14006e-07
56.65        2.08292e-07
56.75        1.89026e-07
56.85        1.68664e-07
56.95        1.59484e-07
57.05        1.40588e-07
57.15        1.30351e-07
57.25        1.1897e-07
57.35        1.25814e-07
57.45        1.35021e-07
57.55        1.12927e-07
57.65        9.45781e-08
57.75        1.02602e-07
57.85        1.03437e-07
57.95        9.71559e-08
58.05        5.90375e-08
58.15        7.53083e-08
58.25        8.32585e-08
58.35        6.42752e-08
58.45        4.89151e-08
58.55        6.73188e-08
58.65        5.6679e-08
58.75        4.15001e-08
58.85        3.21682e-08
58.95        4.1219e-08
59.05        3.99384e-08
59.15        3.52545e-08
59.25        2.83352e-08
59.35        2.93693e-08
59.45        2.36417e-08
59.55        1.79522e-08
59.65        2.46016e-08
59.75        1.67177e-08
59.85        2.44375e-08
59.95        2.76773e-08
60.05        1.43443e-08
60.15        1.97954e-08
60.25        7.67267e-09
60.35        9.83219e-09
60.45        1.30662e-08
60.55        1.62789e-08
60.65        1.29802e-08
60.75        6.46876e-09
60.85        5.37293e-09
60.95        5.35531e-09
61.05        3.20267e-09
61.15        5.32034e-09
61.25        5.30298e-09
61.35        3.17142e-09
61.45        4.21482e-09
61.55        5.25141e-09
61.65        3.14063e-09
61.75        0
61.85        0
61.95        3.11029e-09
62.05        3.10027e-09
62.15        1.0301e-09
62.25        1.02679e-09
62.35        2.04701e-09
62.45        0
62.55        0
62.65        0
62.75        0
62.85        0
62.95        0
63.05        0
63.15        0
63.25        0
63.35        0
63.45        0
63.55        0
63.65        0
63.75        0
63.85        0
63.95        0
64.05        0
64.15        0
64.25        0
64.35        0
64.45        0
64.55        0
64.65        0
64.75        0
64.85        0
64.95        0
