0.05        0
0.15        0
0.25        0
0.35        0
0.45        0
0.55        0
0.65        0
0.75        0
0.85        0
0.95        0
1.05        0
1.15        0
1.25        0
1.35        0
1.45        0
1.55        0
1.65        0
1.75        0
1.85        0
1.95        0
2.05        0
2.15        0
2.25        0
2.35        0
2.45        0
2.55        0
2.65        0
2.75        0
2.85        0
2.95        0
3.05        0
3.15        0
3.25        0
3.35        0
3.45        0
3.55        0
3.65        0
3.75        0
3.85        0
3.95        0
4.05        0
4.15        0
4.25        0
4.35        0
4.45        0
4.55        0
4.65        0
4.75        0
4.85        0
4.95        0
5.05        0
5.15        0
5.25        0
5.35        0
5.45        0
5.55        0
5.65        0
5.75        0
5.85        0.000308685
5.95        1.56916
6.05        1.08585
6.15        0.0901514
6.25        0.116392
6.35        0.151249
6.45        0.197291
6.55        0.256127
6.65        0.322619
6.75        0.4033
6.85        0.509734
6.95        0.466022
7.05        0.220963
7.15        0.227068
7.25        0.249261
7.35        0.271867
7.45        0.291126
7.55        0.304356
7.65        0.309688
7.75        0.302246
7.85        0.276476
7.95        0.246402
8.05        0.243864
8.15        0.249247
8.25        0.252664
8.35        0.253305
8.45        0.251064
8.55        0.246447
8.65        0.239316
8.75        0.231785
8.85        0.226391
8.95        0.224148
9.05        0.222795
9.15        0.221028
9.25        0.218445
9.35        0.214836
9.45        0.211337
9.55        0.207942
9.65        0.20453
9.75        0.201636
9.85        0.199317
9.95        0.197042
10.05        0.194562
10.15        0.191995
10.25        0.189643
10.35        0.186958
10.45        0.18452
10.55        0.182145
10.65        0.180017
10.75        0.177866
10.85        0.175747
10.95        0.173612
11.05        0.171449
11.15        0.169598
11.25        0.167655
11.35        0.165661
11.45        0.163727
11.55        0.161931
11.65        0.160109
11.75        0.158401
11.85        0.156732
11.95        0.155026
12.05        0.153246
12.15        0.151642
12.25        0.150119
12.35        0.148553
12.45        0.147027
12.55        0.145551
12.65        0.144025
12.75        0.142643
12.85        0.141252
12.95        0.139853
13.05        0.138436
13.15        0.137201
13.25        0.135846
13.35        0.1346
13.45        0.133254
13.55        0.132073
13.65        0.130827
13.75        0.129679
13.85        0.128525
13.95        0.127346
14.05        0.126163
14.15        0.125153
14.25        0.12401
14.35        0.123046
14.45        0.121996
14.55        0.120875
14.65        0.119846
14.75        0.118912
14.85        0.117943
14.95        0.116887
15.05        0.115949
15.15        0.115033
15.25        0.11416
15.35        0.113329
15.45        0.112333
15.55        0.11149
15.65        0.110648
15.75        0.109889
15.85        0.108999
15.95        0.108178
16.05        0.107326
16.15        0.106662
16.25        0.105915
16.35        0.105082
16.45        0.104368
16.55        0.103561
16.65        0.102933
16.75        0.102101
16.85        0.101525
16.95        0.100871
17.05        0.100132
17.15        0.0994818
17.25        0.0987965
17.35        0.0982448
17.45        0.0975978
17.55        0.0969428
17.65        0.0963062
17.75        0.0956986
17.85        0.0951272
17.95        0.0945198
18.05        0.0939443
18.15        0.0933782
18.25        0.0928372
18.35        0.092309
18.45        0.0917287
18.55        0.0912081
18.65        0.0906288
18.75        0.090136
18.85        0.0896218
18.95        0.0891263
19.05        0.0886046
19.15        0.0881633
19.25        0.0876417
19.35        0.0870584
19.45        0.0866848
19.55        0.0862276
19.65        0.0856864
19.75        0.0852244
19.85        0.0847798
19.95        0.0843579
20.05        0.0839373
20.15        0.083463
20.25        0.0829967
20.35        0.0825897
20.45        0.0821542
20.55        0.0817215
20.65        0.0813183
20.75        0.0809098
20.85        0.0805119
20.95        0.0801366
21.05        0.0797204
21.15        0.0792959
21.25        0.0789047
21.35        0.078505
21.45        0.078156
21.55        0.0777445
21.65        0.0774157
21.75        0.0769936
21.85        0.0766709
21.95        0.0762494
22.05        0.0758721
22.15        0.0755203
22.25        0.07515
22.35        0.0747972
22.45        0.074487
22.55        0.0740864
22.65        0.0737449
22.75        0.0733623
22.85        0.0730437
22.95        0.0726747
23.05        0.0723546
23.15        0.0720182
23.25        0.0716782
23.35        0.0713004
23.45        0.0709776
23.55        0.0706402
23.65        0.0703078
23.75        0.0699451
23.85        0.0695997
23.95        0.0692264
24.05        0.0689382
24.15        0.0686015
24.25        0.0682888
24.35        0.0679303
24.45        0.0675891
24.55        0.0672238
24.65        0.0669014
24.75        0.0666427
24.85        0.066225
24.95        0.0658904
25.05        0.0655747
25.15        0.0652593
25.25        0.0648748
25.35        0.0645367
25.45        0.0642064
25.55        0.0638457
25.65        0.063519
25.75        0.0631918
25.85        0.0628876
25.95        0.0625042
26.05        0.062133
26.15        0.0617862
26.25        0.0614593
26.35        0.0610839
26.45        0.0607772
26.55        0.0604117
26.65        0.0600122
26.75        0.0597156
26.85        0.0593575
26.95        0.0589575
27.05        0.0586
27.15        0.0582514
27.25        0.0579078
27.35        0.0575668
27.45        0.057188
27.55        0.056828
27.65        0.0564145
27.75        0.0561101
27.85        0.0557054
27.95        0.0553433
28.05        0.0549443
28.15        0.0545969
28.25        0.0542341
28.35        0.0538508
28.45        0.0534661
28.55        0.0530922
28.65        0.0527184
28.75        0.0523472
28.85        0.0519444
28.95        0.0515629
29.05        0.0511861
29.15        0.0507991
29.25        0.0504012
29.35        0.0499992
29.45        0.049611
29.55        0.0492185
29.65        0.0488479
29.75        0.0484213
29.85        0.0480348
29.95        0.04762
30.05        0.0472305
30.15        0.0468175
30.25        0.0464175
30.35        0.0460247
30.45        0.0456125
30.55        0.0452249
30.65        0.0447953
30.75        0.0444023
30.85        0.043963
30.95        0.0435532
31.05        0.0431221
31.15        0.0427316
31.25        0.0423138
31.35        0.0419284
31.45        0.0414857
31.55        0.0410376
31.65        0.0406448
31.75        0.0402165
31.85        0.0398032
31.95        0.0393895
32.05        0.0389661
32.15        0.0385436
32.25        0.038106
32.35        0.037702
32.45        0.0372723
32.55        0.0368366
32.65        0.0364093
32.75        0.035991
32.85        0.0355567
32.95        0.0351375
33.05        0.0347458
33.15        0.0342998
33.25        0.0338851
33.35        0.0334477
33.45        0.0330478
33.55        0.0326147
33.65        0.0321935
33.75        0.0317614
33.85        0.0313546
33.95        0.0309467
34.05        0.0305168
34.15        0.0301016
34.25        0.0296789
34.35        0.0292613
34.45        0.0288362
34.55        0.0284486
34.65        0.0280394
34.75        0.0276299
34.85        0.0272064
34.95        0.026808
35.05        0.0264177
35.15        0.0259996
35.25        0.0255884
35.35        0.0251907
35.45        0.0248023
35.55        0.0243911
35.65        0.0240079
35.75        0.0235865
35.85        0.0232282
35.95        0.0228423
36.05        0.022455
36.15        0.0220542
36.25        0.0216921
36.35        0.0213037
36.45        0.0209231
36.55        0.0205493
36.65        0.0201929
36.75        0.0198169
36.85        0.0194599
36.95        0.0190919
37.05        0.0187441
37.15        0.0183788
37.25        0.0180197
37.35        0.0176788
37.45        0.0173297
37.55        0.0169861
37.65        0.0166478
37.75        0.0163267
37.85        0.0159886
37.95        0.0156571
38.05        0.015329
38.15        0.0150047
38.25        0.0146886
38.35        0.0143708
38.45        0.0140764
38.55        0.0137559
38.65        0.0134634
38.75        0.0131702
38.85        0.0128624
38.95        0.0125801
39.05        0.0122867
39.15        0.0120076
39.25        0.0117259
39.35        0.0114583
39.45        0.0111957
39.55        0.0109325
39.65        0.0106611
39.75        0.0104078
39.85        0.0101459
39.95        0.00989078
40.05        0.00965306
40.15        0.00940945
40.25        0.00917082
40.35        0.00893765
40.45        0.00870178
40.55        0.00849509
40.65        0.00825631
40.75        0.00804788
40.85        0.0078298
40.95        0.00761745
41.05        0.00742093
41.15        0.00721291
41.25        0.00700756
41.35        0.00682797
41.45        0.00662423
41.55        0.00644693
41.65        0.00625571
41.75        0.00608292
41.85        0.00590581
41.95        0.00573634
42.05        0.00557416
42.15        0.00540145
42.25        0.00524085
42.35        0.00508844
42.45        0.00493849
42.55        0.00479138
42.65        0.00464063
42.75        0.00449817
42.85        0.00435961
42.95        0.00422301
43.05        0.00408979
43.15        0.00396032
43.25        0.00383592
43.35        0.003715
43.45        0.00359406
43.55        0.00347928
43.65        0.00335707
43.75        0.00325696
43.85        0.00314658
43.95        0.00303984
44.05        0.00293906
44.15        0.00283398
44.25        0.00273994
44.35        0.00264637
44.45        0.00255262
44.55        0.00246638
44.65        0.00237842
44.75        0.00229422
44.85        0.00221219
44.95        0.00213371
45.05        0.00205696
45.15        0.00198421
45.25        0.00190524
45.35        0.00183783
45.45        0.00176972
45.55        0.00170792
45.65        0.001639
45.75        0.00157514
45.85        0.00151999
45.95        0.00145796
46.05        0.00140024
46.15        0.00134293
46.25        0.00129358
46.35        0.00124569
46.45        0.00119534
46.55        0.00114543
46.65        0.00109634
46.75        0.0010544
46.85        0.00101579
46.95        0.000972278
47.05        0.000931589
47.15        0.000890443
47.25        0.000857462
47.35        0.000816801
47.45        0.000783803
47.55        0.000752455
47.65        0.000720464
47.75        0.000688515
47.85        0.000659795
47.95        0.000632024
48.05        0.000605741
48.15        0.000577131
48.25        0.000554166
48.35        0.00052658
48.45        0.000504734
48.55        0.000481429
48.65        0.00046062
48.75        0.000440831
48.85        0.000420749
48.95        0.00040176
49.05        0.000382808
49.15        0.000365667
49.25        0.000348126
49.35        0.000331859
49.45        0.000315444
49.55        0.000302104
49.65        0.000288695
49.75        0.00027503
49.85        0.000261918
49.95        0.000249094
50.05        0.000236959
50.15        0.000225744
50.25        0.000213876
50.35        0.000202605
50.45        0.000195363
50.55        0.000185379
50.65        0.000175559
50.75        0.000167279
50.85        0.000158844
50.95        0.00015088
51.05        0.000143038
51.15        0.000135419
51.25        0.000128282
51.35        0.000122695
51.45        0.000116001
51.55        0.000110155
51.65        0.000103874
51.75        9.86618e-05
51.85        9.31119e-05
51.95        8.85048e-05
52.05        8.39838e-05
52.15        7.94602e-05
52.25        7.53189e-05
52.35        7.15919e-05
52.45        6.74705e-05
52.55        6.39518e-05
52.65        6.00762e-05
52.75        5.73105e-05
52.85        5.37006e-05
52.95        5.08966e-05
53.05        4.81912e-05
53.15        4.54465e-05
53.25        4.28793e-05
53.35        4.04513e-05
53.45        3.80605e-05
53.55        3.59413e-05
53.65        3.34906e-05
53.75        3.14641e-05
53.85        2.99149e-05
53.95        2.84671e-05
54.05        2.66758e-05
54.15        2.46206e-05
54.25        2.38309e-05
54.35        2.23169e-05
54.45        2.07856e-05
54.55        1.94913e-05
54.65        1.80385e-05
54.75        1.71218e-05
54.85        1.61786e-05
54.95        1.51684e-05
55.05        1.42941e-05
55.15        1.33959e-05
55.25        1.25641e-05
55.35        1.17719e-05
55.45        1.09595e-05
55.55        1.02818e-05
55.65        9.74898e-06
55.75        9.07267e-06
55.85        8.61288e-06
55.95        8.15123e-06
56.05        7.50285e-06
56.15        7.02561e-06
56.25        6.50267e-06
56.35        6.12374e-06
56.45        5.80988e-06
56.55        5.48203e-06
56.65        5.18001e-06
56.75        4.71206e-06
56.85        4.48867e-06
56.95        4.10734e-06
57.05        3.91813e-06
57.15        3.73753e-06
57.25        3.37972e-06
57.35        3.1889e-06
57.45        2.91741e-06
57.55        2.80396e-06
57.65        2.61347e-06
57.75        2.4374e-06
57.85        2.19238e-06
57.95        2.0699e-06
58.05        1.93997e-06
58.15        1.80269e-06
58.25        1.66517e-06
58.35        1.44678e-06
58.45        1.47327e-06
58.55        1.34522e-06
58.65        1.26082e-06
58.75        1.12972e-06
58.85        1.01904e-06
58.95        1.04078e-06
59.05        9.18583e-07
59.15        8.32461e-07
59.25        8.52321e-07
59.35        7.4327e-07
59.45        6.94614e-07
59.55        6.51891e-07
59.65        5.68074e-07
59.75        5.20479e-07
59.85        5.40957e-07
59.95        4.89335e-07
60.05        4.02744e-07
60.15        3.49718e-07
60.25        3.82537e-07
60.35        3.0589e-07
60.45        3.00524e-07
60.55        2.79997e-07
60.65        2.63931e-07
60.75        2.44735e-07
60.85        2.39633e-07
60.95        2.27065e-07
61.05        1.85755e-07
61.15        1.95789e-07
61.25        1.94089e-07
61.35        1.58571e-07
61.45        1.4225e-07
61.55        1.34436e-07
61.65        1.1411e-07
61.75        1.25219e-07
61.85        1.07132e-07
61.95        8.60514e-08
62.05        9.09414e-08
62.15        7.72576e-08
62.25        6.77684e-08
62.35        5.83397e-08
62.45        7.34564e-08
62.55        5.38994e-08
62.65        6.08235e-08
62.75        5.86088e-08
62.85        4.12986e-08
62.95        4.11675e-08
63.05        3.90352e-08
63.15        3.3923e-08
63.25        2.78483e-08
63.35        3.07348e-08
63.45        2.37198e-08
63.55        3.15269e-08
63.65        3.33922e-08
63.75        2.1539e-08
63.85        2.34235e-08
63.95        2.43232e-08
64.05        1.06688e-08
64.15        1.25693e-08
64.25        8.67478e-09
64.35        1.63348e-08
64.45        1.24526e-08
64.55        9.54926e-09
64.65        6.66382e-09
64.75        3.79614e-09
64.85        6.62278e-09
64.95        4.716e-09
