P	 rho_solid	 rho_liquid	 delta(P)	 mu(P)
4.200	 1.187472	 0.772876	 -4.517435e-02	 -4.517435e-02
4.300	 1.187645	 0.777400	 -4.443366e-02	 -8.960801e-02
4.400	 1.187818	 0.783023	 -4.352219e-02	 -1.331302e-01
4.500	 1.187945	 0.787726	 -4.276871e-02	 -1.758989e-01
4.600	 1.188115	 0.791979	 -4.209904e-02	 -2.179980e-01
4.700	 1.188275	 0.797799	 -4.118925e-02	 -2.591872e-01
4.800	 1.188445	 0.801827	 -4.057162e-02	 -2.997588e-01
4.900	 1.188605	 0.806145	 -3.991492e-02	 -3.396737e-01
5.000	 1.188764	 0.811059	 -3.917461e-02	 -3.788483e-01
5.100	 1.188906	 0.814868	 -3.860832e-02	 -4.174567e-01
5.200	 1.189060	 0.819808	 -3.787974e-02	 -4.553364e-01
5.300	 1.189228	 0.824403	 -3.721173e-02	 -4.925481e-01
5.400	 1.189382	 0.828215	 -3.666432e-02	 -5.292125e-01
5.500	 1.189527	 0.832289	 -3.608354e-02	 -5.652960e-01
5.600	 1.189684	 0.835965	 -3.556630e-02	 -6.008623e-01
5.700	 1.189824	 0.839156	 -3.512131e-02	 -6.359836e-01
5.800	 1.190002	 0.843067	 -3.458106e-02	 -6.705647e-01
5.900	 1.190144	 0.846737	 -3.407698e-02	 -7.046417e-01
6.000	 1.190320	 0.850371	 -3.358471e-02	 -7.382264e-01
6.100	 1.190459	 0.854168	 -3.307178e-02	 -7.712981e-01
6.200	 1.190619	 0.858024	 -3.255693e-02	 -8.038551e-01
6.300	 1.190767	 0.860443	 -3.223972e-02	 -8.360948e-01
6.400	 1.190903	 0.864338	 -3.172559e-02	 -8.678204e-01
6.500	 1.191077	 0.867627	 -3.129927e-02	 -8.991196e-01
6.600	 1.191201	 0.870188	 -3.096881e-02	 -9.300885e-01
6.700	 1.191356	 0.874124	 -3.046228e-02	 -9.605507e-01
6.800	 1.191530	 0.876977	 -3.010237e-02	 -9.906531e-01
6.900	 1.191676	 0.879737	 -2.975491e-02	 -1.020408e+00
7.000	 1.191838	 0.883228	 -2.931703e-02	 -1.049725e+00
7.100	 1.191980	 0.886376	 -2.892491e-02	 -1.078650e+00
7.200	 1.192120	 0.888898	 -2.861467e-02	 -1.107265e+00
7.300	 1.192283	 0.891749	 -2.826647e-02	 -1.135531e+00
7.400	 1.192427	 0.894040	 -2.798924e-02	 -1.163520e+00
7.500	 1.192606	 0.896990	 -2.763397e-02	 -1.191154e+00
7.600	 1.192758	 0.899964	 -2.727625e-02	 -1.218431e+00
7.700	 1.192891	 0.903395	 -2.686359e-02	 -1.245294e+00
7.800	 1.193039	 0.905369	 -2.663265e-02	 -1.271927e+00
7.900	 1.193205	 0.907975	 -2.632730e-02	 -1.298254e+00
8.000	 1.193316	 0.910354	 -2.604728e-02	 -1.324301e+00
8.100	 1.193503	 0.912944	 -2.574877e-02	 -1.350050e+00
8.200	 1.193618	 0.915397	 -2.546332e-02	 -1.375513e+00
8.300	 1.193810	 0.918259	 -2.513631e-02	 -1.400650e+00
8.400	 1.193942	 0.920816	 -2.484317e-02	 -1.425493e+00
8.500	 1.194056	 0.922730	 -2.462590e-02	 -1.450119e+00
8.600	 1.194217	 0.926777	 -2.416395e-02	 -1.474283e+00
8.700	 1.194371	 0.928217	 -2.400735e-02	 -1.498290e+00
8.800	 1.194511	 0.930167	 -2.379131e-02	 -1.522081e+00
8.900	 1.194659	 0.932161	 -2.357171e-02	 -1.545653e+00
9.000	 1.194815	 0.934559	 -2.330737e-02	 -1.568961e+00
9.100	 1.194969	 0.936519	 -2.309422e-02	 -1.592055e+00
9.200	 1.195109	 0.938770	 -2.284799e-02	 -1.614903e+00
9.300	 1.195268	 0.941351	 -2.256706e-02	 -1.637470e+00
9.400	 1.195428	 0.943939	 -2.228700e-02	 -1.659757e+00
9.500	 1.195532	 0.945447	 -2.212530e-02	 -1.681882e+00
9.600	 1.195678	 0.948127	 -2.183655e-02	 -1.703719e+00
9.700	 1.195858	 0.949610	 -2.168442e-02	 -1.725403e+00
9.800	 1.195968	 0.952140	 -2.141229e-02	 -1.746815e+00
9.900	 1.196121	 0.954574	 -2.115519e-02	 -1.767971e+00
10.000	 1.196271	 0.956506	 -2.095408e-02	 -1.788925e+00
10.100	 1.196399	 0.957435	 -2.086158e-02	 -1.809786e+00
10.200	 1.196589	 0.960559	 -2.053516e-02	 -1.830321e+00
10.300	 1.196696	 0.962201	 -2.036498e-02	 -1.850686e+00
10.400	 1.196833	 0.964088	 -2.017113e-02	 -1.870857e+00
10.500	 1.197001	 0.965725	 -2.000703e-02	 -1.890865e+00
10.600	 1.197157	 0.968263	 -1.974649e-02	 -1.910611e+00
10.700	 1.197276	 0.969909	 -1.957953e-02	 -1.930191e+00
10.800	 1.197440	 0.971329	 -1.944024e-02	 -1.949631e+00
10.900	 1.197564	 0.973868	 -1.918048e-02	 -1.968811e+00
11.000	 1.197714	 0.975944	 -1.897251e-02	 -1.987784e+00
11.100	 1.197850	 0.976860	 -1.888591e-02	 -2.006670e+00
11.200	 1.198028	 0.979268	 -1.864659e-02	 -2.025316e+00
11.300	 1.198166	 0.980665	 -1.851073e-02	 -2.043827e+00
11.400	 1.198269	 0.981964	 -1.838301e-02	 -2.062210e+00
11.500	 1.198439	 0.984291	 -1.815409e-02	 -2.080364e+00
11.600	 1.198572	 0.985235	 -1.806601e-02	 -2.098430e+00
11.700	 1.198700	 0.986919	 -1.790173e-02	 -2.116332e+00
11.800	 1.198853	 0.989132	 -1.768568e-02	 -2.134018e+00
11.900	 1.198992	 0.990570	 -1.754858e-02	 -2.151566e+00
12.000	 1.199146	 0.993160	 -1.729603e-02	 -2.168862e+00
12.100	 1.199280	 0.993974	 -1.722289e-02	 -2.186085e+00
12.200	 1.199422	 0.996440	 -1.698378e-02	 -2.203069e+00
12.300	 1.199557	 0.998237	 -1.681250e-02	 -2.219881e+00
12.400	 1.199718	 0.999869	 -1.666018e-02	 -2.236541e+00
12.500	 1.199813	 1.000421	 -1.661160e-02	 -2.253153e+00
12.600	 1.199967	 1.002560	 -1.640903e-02	 -2.269562e+00
12.700	 1.200101	 1.003684	 -1.630663e-02	 -2.285869e+00
12.800	 1.200252	 1.005028	 -1.618388e-02	 -2.302053e+00
12.900	 1.200381	 1.006795	 -1.601820e-02	 -2.318071e+00
13.000	 1.200493	 1.007616	 -1.594505e-02	 -2.334016e+00
13.100	 1.200671	 1.009186	 -1.580300e-02	 -2.349819e+00
13.200	 1.200800	 1.013044	 -1.543458e-02	 -2.365253e+00
13.300	 1.200963	 1.013129	 -1.543760e-02	 -2.380691e+00
13.400	 1.201106	 1.014818	 -1.528324e-02	 -2.395974e+00
13.500	 1.201218	 1.014350	 -1.533647e-02	 -2.411311e+00
13.600	 1.201351	 1.017712	 -1.502001e-02	 -2.426331e+00
13.700	 1.201504	 1.018630	 -1.494205e-02	 -2.441273e+00
13.800	 1.201628	 1.020327	 -1.478736e-02	 -2.456060e+00
13.900	 1.201770	 1.021651	 -1.467019e-02	 -2.470730e+00
14.000	 1.201904	 1.023247	 -1.452679e-02	 -2.485257e+00
14.100	 1.202065	 1.023907	 -1.447494e-02	 -2.499732e+00
14.200	 1.202177	 1.026210	 -1.426352e-02	 -2.513996e+00
14.300	 1.202298	 1.027736	 -1.412720e-02	 -2.528123e+00
14.400	 1.202436	 1.028389	 -1.407496e-02	 -2.542198e+00
14.500	 1.202578	 1.029676	 -1.396324e-02	 -2.556161e+00
14.600	 1.202729	 1.031421	 -1.380937e-02	 -2.569970e+00
14.700	 1.202849	 1.033045	 -1.366525e-02	 -2.583636e+00
14.800	 1.202968	 1.035328	 -1.346002e-02	 -2.597096e+00
14.900	 1.203120	 1.035177	 -1.348461e-02	 -2.610580e+00
15.000	 1.203278	 1.036289	 -1.339186e-02	 -2.623972e+00
15.100	 1.203396	 1.037205	 -1.331479e-02	 -2.637287e+00
15.200	 1.203529	 1.038963	 -1.316084e-02	 -2.650448e+00
15.300	 1.203637	 1.039842	 -1.308693e-02	 -2.663535e+00
15.400	 1.203808	 1.042955	 -1.281169e-02	 -2.676346e+00
15.500	 1.203956	 1.043821	 -1.274235e-02	 -2.689089e+00
15.600	 1.204052	 1.046195	 -1.253158e-02	 -2.701620e+00
15.700	 1.204187	 1.046577	 -1.250601e-02	 -2.714126e+00
15.800	 1.204323	 1.045924	 -1.257504e-02	 -2.726701e+00
15.900	 1.204445	 1.051829	 -1.204670e-02	 -2.738748e+00
16.000	 1.204590	 1.048569	 -1.235227e-02	 -2.751100e+00
16.100	 1.204715	 1.052325	 -1.202049e-02	 -2.763121e+00
16.200	 1.204858	 1.051650	 -1.209134e-02	 -2.775212e+00
16.300	 1.204967	 1.052074	 -1.206052e-02	 -2.787273e+00
16.400	 1.205138	 1.054986	 -1.180994e-02	 -2.799083e+00
16.500	 1.205252	 1.054521	 -1.185958e-02	 -2.810942e+00
16.600	 1.205360	 1.056230	 -1.171358e-02	 -2.822656e+00
16.700	 1.205475	 1.056407	 -1.170563e-02	 -2.834361e+00
16.800	 1.205629	 1.060740	 -1.132955e-02	 -2.845691e+00
16.900	 1.205763	 1.060027	 -1.140218e-02	 -2.857093e+00
17.000	 1.205919	 1.060921	 -1.133342e-02	 -2.868427e+00
17.100	 1.206035	 1.071425	 -1.041731e-02	 -2.878844e+00
17.200	 1.206152	 1.064030	 -1.107402e-02	 -2.889918e+00
17.300	 1.206273	 1.068921	 -1.065231e-02	 -2.900570e+00
17.400	 1.206429	 1.072531	 -1.034814e-02	 -2.910918e+00
17.500	 1.206542	 1.066431	 -1.088923e-02	 -2.921808e+00
17.600	 1.206679	 1.066551	 -1.088809e-02	 -2.932696e+00
17.700	 1.206798	 1.072967	 -1.033560e-02	 -2.943031e+00
17.800	 1.206905	 1.073260	 -1.031750e-02	 -2.953349e+00
17.900	 1.207052	 1.077011	 -1.000309e-02	 -2.963352e+00
18.000	 1.207195	 1.081145	 -9.657873e-03	 -2.973010e+00
