P	 rho_solid	 rho_liquid	 delta(P)	 mu(P)
7.600	 1.145785	 0.899964	 -2.383915e-02	 -2.383915e-02
7.700	 1.147260	 0.903395	 -2.352935e-02	 -4.736850e-02
7.800	 1.148868	 0.905369	 -2.341000e-02	 -7.077850e-02
7.900	 1.150173	 0.907975	 -2.319175e-02	 -9.397025e-02
8.000	 1.151480	 0.910354	 -2.300262e-02	 -1.169729e-01
8.100	 1.152824	 0.912944	 -2.279223e-02	 -1.397651e-01
8.200	 1.154213	 0.915397	 -2.260310e-02	 -1.623682e-01
8.300	 1.155342	 0.918259	 -2.234728e-02	 -1.847155e-01
8.400	 1.156722	 0.920816	 -2.214813e-02	 -2.068636e-01
8.500	 1.158147	 0.922730	 -2.202924e-02	 -2.288929e-01
8.600	 1.159402	 0.926777	 -2.164946e-02	 -2.505423e-01
8.700	 1.160668	 0.928217	 -2.157615e-02	 -2.721185e-01
8.800	 1.161790	 0.930167	 -2.143350e-02	 -2.935520e-01
8.900	 1.162995	 0.932161	 -2.129271e-02	 -3.148447e-01
9.000	 1.164213	 0.934559	 -2.110741e-02	 -3.359521e-01
9.100	 1.165387	 0.936519	 -2.096999e-02	 -3.569221e-01
9.200	 1.166378	 0.938770	 -2.078687e-02	 -3.777089e-01
9.300	 1.167727	 0.941351	 -2.059385e-02	 -3.983028e-01
9.400	 1.168719	 0.943939	 -2.037528e-02	 -4.186781e-01
9.500	 1.169881	 0.945447	 -2.029130e-02	 -4.389694e-01
9.600	 1.171040	 0.948127	 -2.007692e-02	 -4.590463e-01
9.700	 1.172049	 0.949610	 -1.998572e-02	 -4.790320e-01
9.800	 1.173244	 0.952140	 -1.979281e-02	 -4.988248e-01
9.900	 1.174212	 0.954574	 -1.959528e-02	 -5.184201e-01
10.000	 1.175193	 0.956506	 -1.945477e-02	 -5.378749e-01
10.100	 1.176308	 0.957435	 -1.943398e-02	 -5.573088e-01
10.200	 1.177173	 0.960559	 -1.915677e-02	 -5.764656e-01
10.300	 1.178122	 0.962201	 -1.904754e-02	 -5.955132e-01
10.400	 1.179155	 0.964088	 -1.891848e-02	 -6.144316e-01
10.500	 1.180104	 0.965725	 -1.881085e-02	 -6.332425e-01
10.600	 1.181109	 0.968263	 -1.861153e-02	 -6.518540e-01
10.700	 1.182087	 0.969909	 -1.850631e-02	 -6.703603e-01
10.800	 1.183006	 0.971329	 -1.842130e-02	 -6.887816e-01
10.900	 1.183957	 0.973868	 -1.822079e-02	 -7.070024e-01
11.000	 1.184917	 0.975944	 -1.807080e-02	 -7.250732e-01
11.100	 1.185704	 0.976860	 -1.803073e-02	 -7.431040e-01
11.200	 1.186637	 0.979268	 -1.784532e-02	 -7.609493e-01
11.300	 1.187606	 0.980665	 -1.776861e-02	 -7.787179e-01
11.400	 1.188388	 0.981964	 -1.768913e-02	 -7.964070e-01
11.500	 1.189249	 0.984291	 -1.750929e-02	 -8.139163e-01
11.600	 1.190046	 0.985235	 -1.746826e-02	 -8.313846e-01
11.700	 1.190914	 0.986919	 -1.735632e-02	 -8.487409e-01
11.800	 1.191808	 0.989132	 -1.719261e-02	 -8.659335e-01
11.900	 1.192637	 0.990570	 -1.710417e-02	 -8.830377e-01
12.000	 1.193333	 0.993160	 -1.688980e-02	 -8.999275e-01
12.100	 1.194268	 0.993974	 -1.687295e-02	 -9.168004e-01
12.200	 1.195048	 0.996440	 -1.667862e-02	 -9.334790e-01
12.300	 1.195856	 0.998237	 -1.655450e-02	 -9.500336e-01
12.400	 1.196715	 0.999869	 -1.645102e-02	 -9.664846e-01
12.500	 1.197406	 1.000421	 -1.644406e-02	 -9.829286e-01
12.600	 1.198154	 1.002560	 -1.628293e-02	 -9.992116e-01
12.700	 1.198940	 1.003684	 -1.622594e-02	 -1.015437e+00
12.800	 1.199695	 1.005028	 -1.614520e-02	 -1.031583e+00
12.900	 1.200558	 1.006795	 -1.603048e-02	 -1.047613e+00
13.000	 1.201134	 1.007616	 -1.598950e-02	 -1.063603e+00
13.100	 1.201872	 1.009186	 -1.588623e-02	 -1.079489e+00
13.200	 1.202748	 1.013044	 -1.556946e-02	 -1.095058e+00
13.300	 1.203362	 1.013129	 -1.560360e-02	 -1.110662e+00
13.400	 1.204076	 1.014818	 -1.548860e-02	 -1.126151e+00
13.500	 1.204738	 1.014350	 -1.557970e-02	 -1.141730e+00
13.600	 1.205433	 1.017712	 -1.530188e-02	 -1.157032e+00
13.700	 1.206204	 1.018630	 -1.526636e-02	 -1.172299e+00
13.800	 1.206893	 1.020327	 -1.515041e-02	 -1.187449e+00
13.900	 1.207654	 1.021651	 -1.507561e-02	 -1.202525e+00
14.000	 1.208209	 1.023247	 -1.496098e-02	 -1.217485e+00
14.100	 1.208846	 1.023907	 -1.494160e-02	 -1.232427e+00
14.200	 1.209558	 1.026210	 -1.477111e-02	 -1.247198e+00
14.300	 1.210191	 1.027736	 -1.466967e-02	 -1.261868e+00
14.400	 1.210838	 1.028389	 -1.465204e-02	 -1.276520e+00
14.500	 1.211510	 1.029676	 -1.457631e-02	 -1.291096e+00
14.600	 1.212156	 1.031421	 -1.445599e-02	 -1.305552e+00
14.700	 1.212766	 1.033045	 -1.434507e-02	 -1.319897e+00
14.800	 1.213344	 1.035328	 -1.417089e-02	 -1.334068e+00
14.900	 1.213960	 1.035177	 -1.422680e-02	 -1.348295e+00
15.000	 1.214586	 1.036289	 -1.416560e-02	 -1.362461e+00
15.100	 1.215319	 1.037205	 -1.413003e-02	 -1.376591e+00
15.200	 1.215866	 1.038963	 -1.400391e-02	 -1.390595e+00
15.300	 1.216497	 1.039842	 -1.396521e-02	 -1.404560e+00
15.400	 1.217073	 1.042955	 -1.371707e-02	 -1.418277e+00
15.500	 1.217714	 1.043821	 -1.368078e-02	 -1.431958e+00
15.600	 1.218243	 1.046195	 -1.349905e-02	 -1.445457e+00
15.700	 1.218805	 1.046577	 -1.350201e-02	 -1.458959e+00
15.800	 1.219426	 1.045924	 -1.360345e-02	 -1.472562e+00
15.900	 1.219973	 1.051829	 -1.310346e-02	 -1.485666e+00
16.000	 1.220688	 1.048569	 -1.344705e-02	 -1.499113e+00
16.100	 1.221136	 1.052325	 -1.313672e-02	 -1.512249e+00
16.200	 1.221736	 1.051650	 -1.323793e-02	 -1.525487e+00
16.300	 1.222220	 1.052074	 -1.323202e-02	 -1.538719e+00
16.400	 1.222838	 1.054986	 -1.301101e-02	 -1.551730e+00
16.500	 1.223422	 1.054521	 -1.309184e-02	 -1.564822e+00
16.600	 1.223953	 1.056230	 -1.297387e-02	 -1.577796e+00
16.700	 1.224533	 1.056407	 -1.299670e-02	 -1.590793e+00
16.800	 1.225045	 1.060740	 -1.264415e-02	 -1.603437e+00
16.900	 1.225537	 1.060027	 -1.274034e-02	 -1.616177e+00
17.000	 1.226164	 1.060921	 -1.270257e-02	 -1.628880e+00
17.100	 1.226609	 1.071425	 -1.180807e-02	 -1.640688e+00
17.200	 1.227122	 1.064030	 -1.249082e-02	 -1.653179e+00
17.300	 1.227680	 1.068921	 -1.209783e-02	 -1.665276e+00
17.400	 1.228185	 1.072531	 -1.181644e-02	 -1.677093e+00
17.500	 1.228737	 1.066431	 -1.238634e-02	 -1.689479e+00
17.600	 1.229154	 1.066551	 -1.240340e-02	 -1.701883e+00
17.700	 1.229777	 1.072967	 -1.188396e-02	 -1.713767e+00
17.800	 1.230273	 1.073260	 -1.189130e-02	 -1.725658e+00
17.900	 1.230718	 1.077011	 -1.159618e-02	 -1.737254e+00
18.000	 1.231171	 1.081145	 -1.127105e-02	 -1.748525e+00
