P	 rho_solid	 rho_liquid	 delta(P)	 mu(P)
1.800	 0.871699	 0.573232	 -5.973094e-02	 -5.973094e-02
1.900	 0.872075	 0.586008	 -5.597710e-02	 -1.157080e-01
2.000	 0.872504	 0.599529	 -5.218495e-02	 -1.678930e-01
2.100	 0.872879	 0.611176	 -4.905557e-02	 -2.169486e-01
2.200	 0.873236	 0.622597	 -4.610096e-02	 -2.630495e-01
2.300	 0.873686	 0.632841	 -4.355998e-02	 -3.066095e-01
2.400	 0.874026	 0.641645	 -4.143635e-02	 -3.480458e-01
2.500	 0.874442	 0.652529	 -3.889125e-02	 -3.869371e-01
2.600	 0.874782	 0.662024	 -3.673773e-02	 -4.236748e-01
2.700	 0.875212	 0.670239	 -3.494248e-02	 -4.586173e-01
2.800	 0.875594	 0.679244	 -3.301432e-02	 -4.916316e-01
2.900	 0.875979	 0.687683	 -3.125785e-02	 -5.228895e-01
3.000	 0.876356	 0.695863	 -2.959757e-02	 -5.524870e-01
3.100	 0.876751	 0.702625	 -2.826596e-02	 -5.807530e-01
3.200	 0.877138	 0.710868	 -2.666595e-02	 -6.074190e-01
3.300	 0.877491	 0.718368	 -2.524314e-02	 -6.326621e-01
3.400	 0.877874	 0.723824	 -2.424357e-02	 -6.569057e-01
3.500	 0.878217	 0.730990	 -2.293370e-02	 -6.798394e-01
3.600	 0.878643	 0.737711	 -2.174257e-02	 -7.015819e-01
3.700	 0.879059	 0.743482	 -2.074424e-02	 -7.223262e-01
3.800	 0.879301	 0.749930	 -1.961908e-02	 -7.419453e-01
3.900	 0.879756	 0.755601	 -1.867710e-02	 -7.606224e-01
4.000	 0.880135	 0.762113	 -1.759520e-02	 -7.782176e-01
4.100	 0.880497	 0.766771	 -1.684481e-02	 -7.950624e-01
4.200	 0.880879	 0.772876	 -1.586389e-02	 -8.109263e-01
4.300	 0.881220	 0.777400	 -1.515487e-02	 -8.260811e-01
4.400	 0.881562	 0.783023	 -1.427515e-02	 -8.403563e-01
4.500	 0.881939	 0.787726	 -1.356117e-02	 -8.539174e-01
4.600	 0.882293	 0.791979	 -1.292494e-02	 -8.668424e-01
4.700	 0.882687	 0.797799	 -1.205441e-02	 -8.788968e-01
4.800	 0.882998	 0.801827	 -1.146464e-02	 -8.903614e-01
4.900	 0.883411	 0.806145	 -1.084957e-02	 -9.012110e-01
5.000	 0.883825	 0.811059	 -1.015102e-02	 -9.113620e-01
5.100	 0.884104	 0.814868	 -9.610397e-03	 -9.209724e-01
5.200	 0.884415	 0.819808	 -8.910690e-03	 -9.298831e-01
5.300	 0.884803	 0.824403	 -8.280390e-03	 -9.381635e-01
5.400	 0.885145	 0.828215	 -7.765755e-03	 -9.459293e-01
5.500	 0.885492	 0.832289	 -7.219005e-03	 -9.531483e-01
5.600	 0.885884	 0.835965	 -6.740637e-03	 -9.598889e-01
5.700	 0.886201	 0.839156	 -6.326136e-03	 -9.662150e-01
5.800	 0.886563	 0.843067	 -5.819392e-03	 -9.720344e-01
5.900	 0.886896	 0.846737	 -5.347634e-03	 -9.773821e-01
6.000	 0.887223	 0.850371	 -4.884497e-03	 -9.822666e-01
6.100	 0.887585	 0.854168	 -4.407722e-03	 -9.866743e-01
6.200	 0.887961	 0.858024	 -3.929298e-03	 -9.906036e-01
6.300	 0.888275	 0.860443	 -3.641454e-03	 -9.942450e-01
6.400	 0.888616	 0.864338	 -3.160932e-03	 -9.974060e-01
6.500	 0.889006	 0.867627	 -2.771722e-03	 -1.000178e+00
6.600	 0.889288	 0.870188	 -2.468186e-03	 -1.002646e+00
6.700	 0.889657	 0.874124	 -1.997375e-03	 -1.004643e+00
6.800	 0.889983	 0.876977	 -1.666379e-03	 -1.006310e+00
6.900	 0.890298	 0.879737	 -1.348394e-03	 -1.007658e+00
7.000	 0.890676	 0.883228	 -9.467757e-04	 -1.008605e+00
7.100	 0.891010	 0.886376	 -5.867532e-04	 -1.009192e+00
7.200	 0.891294	 0.888898	 -3.024224e-04	 -1.009494e+00
7.300	 0.891693	 0.891749	 7.042552e-06	 -1.009487e+00
7.400	 0.891961	 0.894040	 2.607064e-04	 -1.009226e+00
7.500	 0.892288	 0.896990	 5.874758e-04	 -1.008639e+00
7.600	 0.892600	 0.899964	 9.167096e-04	 -1.007722e+00
7.700	 0.892977	 0.903395	 1.291417e-03	 -1.006431e+00
7.800	 0.893313	 0.905369	 1.490644e-03	 -1.004940e+00
7.900	 0.893640	 0.907975	 1.766693e-03	 -1.003173e+00
8.000	 0.893937	 0.910354	 2.017328e-03	 -1.001156e+00
8.100	 0.894263	 0.912944	 2.288183e-03	 -9.988678e-01
8.200	 0.894592	 0.915397	 2.540582e-03	 -9.963272e-01
8.300	 0.894863	 0.918259	 2.847212e-03	 -9.934800e-01
8.400	 0.895202	 0.920816	 3.107302e-03	 -9.903727e-01
8.500	 0.895509	 0.922730	 3.294272e-03	 -9.870784e-01
8.600	 0.895918	 0.926777	 3.716536e-03	 -9.833619e-01
8.700	 0.896136	 0.928217	 3.856776e-03	 -9.795051e-01
8.800	 0.896476	 0.930167	 4.040306e-03	 -9.754648e-01
8.900	 0.896794	 0.932161	 4.230723e-03	 -9.712341e-01
9.000	 0.897063	 0.934559	 4.472551e-03	 -9.667615e-01
9.100	 0.897423	 0.936519	 4.651773e-03	 -9.621097e-01
9.200	 0.897704	 0.938770	 4.872929e-03	 -9.572368e-01
9.300	 0.898048	 0.941351	 5.122322e-03	 -9.521145e-01
9.400	 0.898288	 0.943939	 5.383823e-03	 -9.467307e-01
9.500	 0.898563	 0.945447	 5.518727e-03	 -9.412119e-01
9.600	 0.898879	 0.948127	 5.778576e-03	 -9.354334e-01
9.700	 0.899238	 0.949610	 5.898876e-03	 -9.295345e-01
9.800	 0.899542	 0.952140	 6.141111e-03	 -9.233934e-01
9.900	 0.899788	 0.954574	 6.378518e-03	 -9.170149e-01
10.000	 0.900136	 0.956506	 6.547149e-03	 -9.104677e-01
10.100	 0.900444	 0.957435	 6.610591e-03	 -9.038571e-01
10.200	 0.900752	 0.960559	 6.912303e-03	 -8.969448e-01
10.300	 0.901073	 0.962201	 7.050411e-03	 -8.898944e-01
10.400	 0.901306	 0.964088	 7.225139e-03	 -8.826693e-01
10.500	 0.901658	 0.965725	 7.357649e-03	 -8.753116e-01
10.600	 0.901906	 0.968263	 7.598575e-03	 -8.677131e-01
10.700	 0.902236	 0.969909	 7.733290e-03	 -8.599798e-01
10.800	 0.902478	 0.971329	 7.854296e-03	 -8.521255e-01
10.900	 0.902768	 0.973868	 8.087110e-03	 -8.440384e-01
11.000	 0.903075	 0.975944	 8.267879e-03	 -8.357705e-01
11.100	 0.903405	 0.976860	 8.323511e-03	 -8.274470e-01
11.200	 0.903630	 0.979268	 8.547672e-03	 -8.188993e-01
11.300	 0.903959	 0.980665	 8.652865e-03	 -8.102464e-01
11.400	 0.904211	 0.981964	 8.756928e-03	 -8.014895e-01
11.500	 0.904504	 0.984291	 8.961859e-03	 -7.925276e-01
11.600	 0.904787	 0.985235	 9.024623e-03	 -7.835030e-01
11.700	 0.905028	 0.986919	 9.168381e-03	 -7.743346e-01
11.800	 0.905362	 0.989132	 9.354315e-03	 -7.649803e-01
11.900	 0.905619	 0.990570	 9.469734e-03	 -7.555106e-01
12.000	 0.905883	 0.993160	 9.700821e-03	 -7.458098e-01
12.100	 0.906204	 0.993974	 9.744176e-03	 -7.360656e-01
12.200	 0.906528	 0.996440	 9.953717e-03	 -7.261119e-01
12.300	 0.906699	 0.998237	 1.011357e-02	 -7.159983e-01
12.400	 0.907014	 0.999869	 1.023878e-02	 -7.057595e-01
12.500	 0.907311	 1.000421	 1.025787e-02	 -6.955016e-01
12.600	 0.907549	 1.002560	 1.044223e-02	 -6.850594e-01
12.700	 0.907848	 1.003684	 1.051765e-02	 -6.745418e-01
12.800	 0.908103	 1.005028	 1.061995e-02	 -6.639218e-01
12.900	 0.908377	 1.006795	 1.076136e-02	 -6.531605e-01
13.000	 0.908603	 1.007616	 1.081491e-02	 -6.423455e-01
13.100	 0.908879	 1.009186	 1.093589e-02	 -6.314097e-01
13.200	 0.909104	 1.013044	 1.128602e-02	 -6.201236e-01
13.300	 0.909397	 1.013129	 1.125886e-02	 -6.088648e-01
13.400	 0.909656	 1.014818	 1.139183e-02	 -5.974729e-01
13.500	 0.909928	 1.014350	 1.131350e-02	 -5.861594e-01
13.600	 0.910220	 1.017712	 1.160392e-02	 -5.745555e-01
13.700	 0.910531	 1.018630	 1.165495e-02	 -5.629006e-01
13.800	 0.910706	 1.020327	 1.179713e-02	 -5.511034e-01
13.900	 0.911022	 1.021651	 1.188605e-02	 -5.392174e-01
14.000	 0.911233	 1.023247	 1.201330e-02	 -5.272041e-01
14.100	 0.911499	 1.023907	 1.204427e-02	 -5.151598e-01
14.200	 0.911747	 1.026210	 1.223361e-02	 -5.029262e-01
14.300	 0.912047	 1.027736	 1.234222e-02	 -4.905840e-01
14.400	 0.912303	 1.028389	 1.237324e-02	 -4.782107e-01
14.500	 0.912507	 1.029676	 1.247027e-02	 -4.657405e-01
14.600	 0.912841	 1.031421	 1.259448e-02	 -4.531460e-01
14.700	 0.913035	 1.033045	 1.272362e-02	 -4.404224e-01
14.800	 0.913284	 1.035328	 1.290722e-02	 -4.275152e-01
14.900	 0.913613	 1.035177	 1.285370e-02	 -4.146615e-01
15.000	 0.913781	 1.036289	 1.293723e-02	 -4.017242e-01
15.100	 0.914048	 1.037205	 1.299049e-02	 -3.887337e-01
15.200	 0.914297	 1.038963	 1.312383e-02	 -3.756099e-01
15.300	 0.914552	 1.039842	 1.317470e-02	 -3.624352e-01
15.400	 0.914773	 1.042955	 1.343532e-02	 -3.489999e-01
15.500	 0.915068	 1.043821	 1.347963e-02	 -3.355203e-01
15.600	 0.915291	 1.046195	 1.367040e-02	 -3.218499e-01
15.700	 0.915482	 1.046577	 1.368249e-02	 -3.081674e-01
15.800	 0.915755	 1.045924	 1.359027e-02	 -2.945771e-01
15.900	 0.915984	 1.051829	 1.409972e-02	 -2.804774e-01
16.000	 0.916272	 1.048569	 1.376983e-02	 -2.667075e-01
16.100	 0.916477	 1.052325	 1.408581e-02	 -2.526217e-01
16.200	 0.916702	 1.051650	 1.399803e-02	 -2.386237e-01
16.300	 0.916939	 1.052074	 1.400816e-02	 -2.246155e-01
16.400	 0.917222	 1.054986	 1.423687e-02	 -2.103787e-01
16.500	 0.917445	 1.054521	 1.416857e-02	 -1.962101e-01
16.600	 0.917673	 1.056230	 1.429493e-02	 -1.819152e-01
16.700	 0.917875	 1.056407	 1.428681e-02	 -1.676283e-01
16.800	 0.918116	 1.060740	 1.464489e-02	 -1.529835e-01
16.900	 0.918353	 1.060027	 1.455337e-02	 -1.384301e-01
17.000	 0.918574	 1.060921	 1.460667e-02	 -1.238234e-01
17.100	 0.918840	 1.071425	 1.549923e-02	 -1.083242e-01
17.200	 0.919108	 1.064030	 1.481883e-02	 -9.350536e-02
17.300	 0.919248	 1.068921	 1.523229e-02	 -7.827307e-02
17.400	 0.919532	 1.072531	 1.551358e-02	 -6.275950e-02
17.500	 0.919765	 1.066431	 1.495271e-02	 -4.780679e-02
17.600	 0.919976	 1.066551	 1.493832e-02	 -3.286847e-02
17.700	 0.920207	 1.072967	 1.547169e-02	 -1.739678e-02
17.800	 0.920446	 1.073260	 1.546892e-02	 -1.927864e-03
17.900	 0.920633	 1.077011	 1.577135e-02	 1.384349e-02
18.000	 0.920853	 1.081145	 1.610043e-02	 2.994392e-02
